Multiple size <= 100
TEST 1 ARG:81 29 4 39 99 56 62 58 15 2 14 60 18 24 9 40 45 1 70 75 69 5 43 13 79 57 30 93 27 6 71 0 33 90 67 22 48 72 38 11 55 78 34 98 82 59 12 76 47 23 61 54 74 10 94 91 88 83 50 68 20 73 3 49 53 89 35 63 87 96 85 66 26 46 28 80 77 36 32 37 21 92 8 64 17 19 51 41 16 52 84 31 42 25 97 86 65 44 7 95 
TEST 2 ARG:14 4 36 93 65 79 57 37 39 23 49 19 43 88 13 9 42 3 26 82 63 84 33 90 68 31 81 20 2 69 59 58 80 78 56 40 10 99 46 15 97 83 98 72 87 17 67 61 70 1 73 16 50 18 38 54 86 22 75 41 32 34 94 66 11 44 71 95 51 91 60 8 0 96 89 48 55 77 45 6 7 85 25 47 30 24 64 29 12 62 52 35 92 27 28 53 5 74 76 21 
TEST 3 ARG:65 51 7 33 96 72 99 19 9 64 3 21 79 18 81 44 2 66 70 61 0 10 25 73 74 5 47 91 92 67 75 35 90 54 95 40 43 4 50 89 97 6 1 55 22 39 26 36 86 49 12 8 27 71 80 13 87 69 16 57 82 76 78 88 94 17 20 63 30 68 59 32 38 84 60 46 29 34 42 85 28 52 53 37 45 98 41 58 15 83 14 77 31 62 23 24 11 56 93 48 
TEST 4 ARG:36 35 4 67 39 7 61 33 82 16 24 31 11 94 49 73 74 93 75 60 70 66 56 63 92 20 0 81 51 38 77 76 37 12 64 22 45 42 58 27 18 72 47 96 87 89 10 53 34 41 29 6 9 13 19 50 32 91 26 43 21 1 98 85 8 71 3 90 28 30 80 57 59 88 52 83 14 54 78 25 2 69 15 97 86 48 62 99 5 40 65 23 84 55 17 44 46 68 95 79 
TEST 5 ARG:67 26 84 3 41 30 97 64 88 21 22 87 12 86 25 35 92 79 23 45 49 43 60 17 1 76 55 61 95 37 14 39 11 90 54 57 24 28 81 66 65 83 63 20 74 85 58 4 53 71 0 6 59 69 47 99 15 10 38 82 62 56 48 73 8 7 33 9 94 78 40 80 50 70 36 52 51 19 46 96 29 91 75 34 16 42 2 44 32 72 93 77 13 89 5 27 18 68 31 98 
TEST 6 ARG:98 34 16 77 27 5 46 17 73 45 84 32 67 28 26 82 86 25 91 3 66 92 38 4 20 81 58 14 52 18 71 89 99 43 53 8 22 76 48 87 2 6 37 60 78 95 56 90 36 69 21 9 51 59 74 55 19 13 7 83 57 79 44 97 70 31 41 65 64 68 29 54 23 35 12 62 75 40 96 88 80 30 1 63 93 15 50 94 24 39 61 42 10 0 72 49 85 11 33 47 
TEST 7 ARG:44 8 98 86 30 67 63 71 61 78 23 10 28 90 95 24 2 53 25 49 31 97 68 19 99 76 40 34 83 38 66 84 11 37 77 3 89 55 21 6 33 74 75 46 91 85 69 39 50 88 43 7 87 13 79 54 26 27 52 14 9 41 64 59 96 81 48 70 62 42 32 18 56 0 15 92 1 82 36 20 60 47 72 29 35 65 80 16 73 93 94 22 57 5 45 58 12 51 4 17 
TEST 8 ARG:30 71 10 65 42 98 93 97 16 54 64 95 32 37 74 80 73 21 2 6 69 47 11 90 79 4 20 96 86 46 8 52 17 41 13 31 89 45 36 26 44 18 62 28 9 1 61 94 48 67 81 39 91 85 70 76 40 24 3 55 83 0 29 33 87 66 58 35 27 51 77 7 25 43 78 60 5 59 82 49 14 19 72 22 63 75 15 57 56 38 84 53 68 12 23 88 92 34 99 50 
TEST 9 ARG:8 10 28 64 23 65 15 2 41 32 26 40 37 62 61 82 99 68 9 34 94 19 76 6 59 51 86 5 47 88 1 38 56 60 29 48 0 89 52 7 49 70 73 63 66 69 53 11 12 54 83 71 18 93 77 92 21 42 55 14 22 67 13 57 72 16 33 84 30 81 78 91 31 80 25 4 3 90 24 98 36 74 79 58 75 96 27 46 45 44 43 87 50 95 39 20 35 97 17 85 
TEST 10 ARG:57 93 11 34 85 98 56 5 66 15 86 94 51 18 31 84 80 46 73 40 27 43 58 13 48 65 35 39 4 49 44 70 95 72 36 9 29 25 38 28 26 68 59 67 63 22 90 37 45 92 76 14 30 96 47 53 21 74 77 60 8 97 32 7 6 75 24 83 55 87 50 61 10 81 91 69 0 99 41 88 62 82 20 1 78 12 23 19 89 3 2 17 64 16 33 79 54 42 71 52 
TEST 11 ARG:33 64 26 22 72 87 16 9 44 94 38 27 1 84 96 61 8 67 57 23 4 75 90 89 40 20 29 92 51 49 12 31 83 53 42 34 19 46 0 69 59 85 21 56 88 73 3 36 7 54 37 78 15 81 17 6 66 28 50 60 24 52 14 74 98 41 82 99 48 91 13 47 65 63 2 80 18 79 55 77 68 71 10 5 43 30 35 32 11 95 76 45 70 86 93 62 39 25 97 58 
TEST 12 ARG:91 16 45 47 3 33 46 99 43 78 26 6 63 68 12 87 21 74 49 96 4 62 28 25 88 31 65 81 1 97 82 8 79 53 19 58 56 11 94 37 72 27 66 73 23 18 67 41 22 30 69 2 85 50 83 90 86 38 44 32 52 7 95 71 24 34 10 51 0 39 75 77 57 64 29 36 48 54 92 9 84 59 70 20 40 80 98 13 89 5 60 61 14 42 15 93 17 76 35 55 
TEST 13 ARG:1 7 78 32 51 42 69 53 23 77 71 93 41 73 22 10 80 0 9 21 13 49 25 88 16 82 38 18 99 24 47 75 2 39 60 96 37 6 61 67 81 84 68 57 5 65 46 34 31 98 14 76 35 44 64 50 54 20 28 94 92 59 33 43 85 40 17 91 19 90 11 15 70 86 56 95 58 66 87 12 89 30 29 79 48 63 8 27 45 4 62 72 83 3 74 36 55 52 26 97 
TEST 14 ARG:14 22 28 48 82 87 57 20 53 54 47 3 68 59 18 5 42 39 52 91 62 89 45 8 34 50 16 49 11 64 96 56 4 61 74 94 60 93 86 21 12 55 67 58 36 17 99 24 2 26 95 63 27 44 13 71 10 30 81 43 51 41 83 40 73 75 46 0 1 80 65 37 92 79 38 85 70 72 23 32 31 15 19 84 9 90 88 25 29 76 98 69 35 6 78 7 66 77 97 33 
TEST 15 ARG:15 81 49 21 74 37 40 93 13 10 1 43 14 3 58 98 24 44 50 66 60 94 20 75 57 59 2 25 6 73 19 51 61 77 0 82 91 27 35 23 67 45 71 89 16 80 42 55 62 18 90 41 54 70 29 31 46 88 64 7 79 8 72 12 33 83 9 78 63 96 68 36 76 84 65 4 87 47 22 97 95 26 34 39 38 85 99 69 48 52 32 56 5 30 92 86 53 11 28 17 
TEST 16 ARG:18 89 20 79 52 67 53 39 96 57 29 95 15 33 74 77 34 10 78 73 88 84 92 24 19 98 36 66 63 9 64 30 26 70 40 97 75 35 0 62 94 17 85 65 7 41 42 25 12 38 43 56 60 27 61 6 93 13 31 50 2 54 47 11 48 90 71 22 8 87 72 45 32 76 51 49 86 37 5 23 46 82 55 91 1 21 44 80 99 16 69 58 28 68 4 83 81 59 14 3 
TEST 17 ARG:80 87 57 40 56 97 30 59 34 25 27 32 33 14 73 60 23 43 90 42 15 71 76 31 67 35 99 24 95 46 72 93 29 0 17 10 36 48 89 65 96 54 1 78 61 5 62 77 11 8 94 26 84 12 41 98 85 68 3 79 22 13 37 28 7 44 53 92 64 58 9 70 82 39 2 4 51 91 38 75 16 86 55 88 63 47 45 74 21 52 20 19 6 81 66 49 83 69 18 50 
TEST 18 ARG:49 98 9 45 43 20 58 81 4 87 63 66 69 54 11 1 33 3 92 96 60 50 26 8 31 73 83 25 28 68 0 86 52 24 64 89 79 13 14 95 40 42 97 2 82 23 38 76 47 12 62 46 57 94 99 75 90 15 78 27 5 48 88 80 29 6 34 16 39 71 37 70 61 35 67 74 51 65 32 7 72 22 55 53 10 91 44 93 77 84 59 36 21 30 41 85 18 17 19 56 
TEST 19 ARG:69 19 86 44 50 78 90 0 65 14 47 92 28 37 45 48 95 39 35 15 26 23 8 18 38 55 33 60 97 72 24 52 56 84 58 67 10 29 77 89 27 82 62 20 91 7 43 74 71 30 1 17 32 9 83 42 3 54 21 99 59 66 57 11 63 73 80 13 98 12 76 41 6 81 49 5 96 53 22 88 94 31 36 51 61 34 93 75 25 87 40 79 4 85 16 46 64 70 68 2 
TEST 20 ARG:91 61 48 79 53 74 29 0 70 56 40 8 66 32 41 86 54 27 49 83 67 71 36 76 94 90 22 97 64 63 7 99 24 81 43 26 34 30 93 1 3 14 9 19 16 58 78 65 85 39 47 84 80 68 28 88 13 20 73 77 59 4 45 44 17 35 69 21 46 15 2 50 75 92 51 12 6 37 60 62 10 11 5 31 57 38 96 98 72 18 25 95 42 82 55 33 89 52 87 23 
TEST 21 ARG:11 96 64 55 29 99 40 43 54 90 45 93 68 60 35 91 20 33 65 24 49 74 8 63 30 77 12 5 70 27 62 7 36 51 50 61 17 2 58 92 26 42 23 16 87 52 34 39 84 72 28 88 25 18 10 53 37 48 85 81 1 73 80 56 22 59 98 76 19 94 32 78 83 21 69 47 67 38 82 89 6 14 3 57 13 41 4 79 66 15 31 95 75 97 44 0 46 86 71 9 
TEST 22 ARG:78 42 12 43 90 31 40 65 39 68 8 6 86 17 18 93 30 82 75 64 76 85 10 27 51 99 48 34 55 15 41 29 3 37 36 83 33 61 47 2 53 24 11 16 58 56 62 7 38 94 0 63 45 14 44 52 20 9 77 89 70 74 66 87 60 98 84 19 73 13 21 67 80 81 25 92 4 1 23 35 57 59 54 50 46 96 71 97 22 26 49 72 91 69 28 5 88 95 79 32 
TEST 23 ARG:46 95 24 37 55 5 13 0 31 42 74 33 57 28 48 89 94 54 92 83 27 90 58 22 35 76 43 66 36 60 68 62 8 34 9 4 39 70 53 15 19 18 80 86 30 61 71 1 12 82 26 97 81 65 64 17 23 69 72 88 98 78 84 87 21 51 20 45 77 75 38 44 85 41 93 11 32 29 14 25 52 99 16 79 40 63 67 6 7 50 59 91 49 96 3 2 56 10 47 73 
TEST 24 ARG:85 58 29 12 20 35 46 88 36 92 68 13 76 96 6 65 93 67 14 62 54 84 44 23 55 53 42 21 31 7 83 9 73 16 59 0 56 40 98 78 48 95 4 51 75 30 63 10 32 79 45 37 80 89 77 64 52 71 34 86 99 11 18 49 25 43 17 82 22 47 41 94 61 97 8 90 60 38 74 3 91 72 28 66 1 33 69 87 70 2 81 15 5 24 27 19 57 50 39 26 
TEST 25 ARG:41 5 88 70 23 76 98 89 2 65 12 6 37 7 20 42 73 74 77 11 9 82 99 90 27 31 64 78 26 56 50 15 72 13 63 14 35 30 25 19 95 40 81 38 28 68 24 92 45 51 75 71 39 79 36 16 34 69 60 61 22 94 46 10 80 57 1 4 32 52 93 44 49 55 87 29 17 3 54 53 66 84 97 18 48 43 62 96 91 47 33 59 0 8 85 21 86 67 83 58 
TEST 26 ARG:34 2 65 88 55 25 45 5 68 32 9 78 40 70 27 47 92 35 21 51 64 43 69 4 62 36 48 26 91 22 14 18 7 42 1 71 66 67 98 76 99 61 50 79 12 94 53 29 75 77 39 41 54 3 60 37 81 90 56 38 44 23 10 80 57 58 86 17 30 0 85 49 31 89 59 63 73 83 72 6 8 52 24 16 95 33 97 19 13 96 82 11 87 84 93 74 28 46 20 15 
TEST 27 ARG:90 51 62 8 20 72 54 81 33 40 60 87 76 67 32 14 94 39 50 12 25 78 30 84 17 31 88 18 91 47 26 15 99 5 34 24 59 41 92 22 21 10 45 35 56 4 28 74 96 93 3 80 66 63 6 43 82 42 86 53 64 71 23 49 13 52 55 38 36 48 58 29 95 19 61 70 65 16 2 27 98 68 37 75 97 9 1 79 69 85 11 0 44 89 7 73 83 57 46 77 
TEST 28 ARG:70 69 18 53 49 10 55 35 85 0 33 22 28 48 26 24 43 79 5 51 81 90 39 94 93 36 1 2 21 47 59 6 17 95 64 91 7 96 50 56 9 41 78 68 66 92 83 29 73 76 31 84 63 40 77 32 75 65 67 89 3 46 86 16 27 25 58 45 4 52 72 8 11 38 87 23 74 80 34 98 62 60 54 44 20 82 13 15 71 57 99 42 88 12 19 61 30 97 37 14 
TEST 29 ARG:90 58 93 44 9 55 92 50 16 97 11 51 52 37 53 27 32 49 33 34 56 88 24 83 66 62 41 12 1 5 63 6 31 36 45 77 61 35 94 30 3 67 81 79 70 86 71 95 91 80 59 47 39 68 48 7 23 14 20 64 38 73 98 60 74 4 85 72 18 42 89 75 8 84 15 82 22 43 19 29 87 96 69 0 76 25 57 65 78 10 26 99 13 40 46 54 2 17 28 21 
TEST 30 ARG:20 27 15 7 86 84 14 26 50 61 51 59 46 76 74 55 60 96 90 64 79 36 58 9 3 35 67 23 68 99 8 6 38 62 18 69 1 66 93 94 32 30 24 92 44 77 52 17 87 82 2 13 10 80 45 81 72 54 49 40 29 98 21 41 70 5 12 4 22 31 89 53 83 57 97 65 25 63 19 16 75 11 85 37 0 34 91 95 88 78 56 73 47 33 43 28 39 42 71 48 
TEST 31 ARG:7 28 27 88 59 50 92 24 21 11 13 33 65 91 8 98 45 58 63 52 74 95 0 44 96 80 57 54 15 51 76 71 12 55 87 99 5 79 78 18 41 16 31 73 69 25 42 85 1 14 53 84 86 89 56 34 19 67 46 64 83 61 77 30 70 60 40 93 97 2 17 94 32 48 3 23 72 68 37 66 49 22 90 29 62 6 47 43 10 26 39 38 81 82 75 4 35 9 20 36 
TEST 32 ARG:96 89 15 91 30 65 5 33 88 0 1 66 49 42 77 87 69 52 7 71 34 27 99 48 14 55 82 68 43 67 51 50 95 98 45 11 59 94 75 13 9 70 93 12 84 86 19 2 83 28 46 32 76 54 90 97 22 79 38 63 85 92 39 64 6 18 31 78 23 17 61 40 62 16 4 74 37 8 47 57 29 56 80 73 21 36 81 26 58 41 72 10 20 44 53 60 24 35 25 3 
TEST 33 ARG:87 76 77 18 75 34 17 16 48 13 14 80 15 36 1 28 61 19 54 97 85 82 63 31 0 27 33 95 35 42 45 91 99 89 93 32 55 6 22 84 49 30 37 90 20 67 59 40 43 60 41 94 70 79 8 92 83 57 64 53 62 4 46 44 5 10 58 39 24 72 21 69 81 66 98 11 51 7 96 12 47 88 78 25 29 9 23 38 65 86 2 71 73 52 3 68 50 56 26 74 
TEST 34 ARG:25 13 27 80 71 43 11 57 5 39 93 50 22 19 58 44 72 3 30 56 38 45 28 87 81 91 31 17 78 37 18 0 26 51 98 89 35 77 84 46 41 24 14 60 94 15 69 4 74 67 61 55 21 40 2 47 95 33 54 23 34 29 83 76 97 1 79 70 6 36 86 64 16 9 92 49 99 66 75 90 7 8 59 53 62 12 42 48 20 63 10 73 88 52 68 96 85 65 82 32 
TEST 35 ARG:35 14 1 37 24 21 59 92 43 0 42 91 61 20 72 3 47 86 71 51 82 49 50 93 16 87 64 18 15 26 83 74 31 79 45 66 88 76 44 38 98 9 34 60 69 32 27 95 6 89 67 25 62 99 55 41 2 23 63 53 7 56 54 68 33 96 10 73 46 36 8 81 84 4 11 28 13 97 17 70 77 22 94 57 39 40 58 78 19 90 65 12 52 29 5 85 48 30 75 80 
TEST 36 ARG:6 54 4 56 33 63 91 27 20 73 37 5 31 52 28 10 7 32 2 48 44 15 61 72 84 74 21 23 29 96 75 8 94 24 16 89 45 88 51 9 38 86 60 87 19 57 40 26 39 25 70 12 55 80 64 53 81 3 11 83 59 50 49 79 30 18 36 41 62 17 42 22 67 78 77 58 93 65 82 43 99 85 97 92 66 90 68 0 46 14 76 71 35 98 47 69 95 13 1 34 
TEST 37 ARG:12 57 19 9 73 76 28 39 67 31 2 75 21 48 38 11 90 4 70 47 3 77 56 33 72 86 69 41 63 7 58 92 79 99 71 23 81 32 1 53 85 13 65 15 54 50 18 66 64 87 22 78 37 60 27 49 52 43 93 83 35 5 89 68 36 82 0 30 95 97 94 55 40 62 8 51 84 88 96 25 26 61 91 16 80 24 34 20 14 42 98 6 17 74 59 45 44 46 10 29 
TEST 38 ARG:15 31 75 49 24 58 54 84 99 30 44 98 88 97 16 21 60 63 91 25 32 86 46 43 68 33 70 20 8 51 93 7 37 90 45 0 85 26 3 89 71 27 22 19 80 66 78 42 39 83 61 59 62 2 76 94 35 28 52 1 41 18 67 50 36 47 12 11 81 87 74 72 53 5 92 17 10 73 29 6 96 9 65 34 56 48 23 14 95 77 13 69 64 55 4 38 57 79 82 40 
TEST 39 ARG:95 29 88 27 18 89 64 23 37 81 17 73 43 90 33 82 50 26 30 86 77 36 41 62 10 8 46 39 34 70 87 78 7 3 65 98 15 25 76 44 22 72 54 16 5 0 74 21 40 2 79 11 53 75 56 99 28 13 38 67 48 1 45 55 51 61 49 92 83 60 91 68 58 59 69 63 97 31 84 35 19 80 52 6 42 47 12 96 20 94 32 93 9 57 66 24 4 14 71 85 
TEST 40 ARG:52 32 3 99 27 59 58 61 19 86 25 76 96 10 34 95 29 77 80 38 33 69 46 49 57 84 97 12 98 7 62 79 89 66 22 68 11 51 78 6 81 17 74 42 71 91 16 63 48 60 24 30 13 90 2 56 20 53 47 15 28 36 5 23 92 67 83 26 75 45 31 70 14 41 8 40 1 37 64 35 0 72 87 9 65 73 43 4 18 93 54 82 85 55 44 21 88 94 50 39 
TEST 41 ARG:56 21 58 82 12 4 36 60 25 10 66 88 79 91 16 0 80 29 65 83 97 78 76 84 13 28 74 92 59 53 8 52 75 85 61 31 43 68 98 37 34 81 14 47 17 67 41 51 18 48 15 87 26 33 32 64 39 95 46 42 86 54 94 1 70 50 38 20 7 11 24 90 73 57 5 93 99 2 77 44 89 71 35 19 30 63 62 49 22 40 69 27 55 6 9 23 3 45 72 96 
TEST 42 ARG:8 15 82 6 71 54 96 90 3 51 2 23 45 77 84 46 27 93 53 86 22 26 5 41 97 33 20 49 18 47 24 81 55 59 21 44 12 35 7 14 87 32 16 11 29 4 48 42 17 83 67 36 60 40 74 65 10 34 99 43 9 50 31 70 58 25 75 88 37 19 91 95 28 64 94 76 69 92 78 79 30 73 80 62 66 56 61 63 68 13 89 72 57 38 98 0 1 85 52 39 
TEST 43 ARG:93 95 37 18 27 33 41 88 57 70 43 76 7 62 8 21 36 64 10 53 35 2 40 39 61 52 85 13 75 4 32 12 96 56 59 65 44 71 42 47 94 6 66 99 5 22 20 79 26 11 28 30 82 24 51 38 78 60 14 83 92 89 16 25 17 0 77 72 91 68 45 50 84 67 48 86 97 46 73 31 98 9 69 15 58 80 54 19 63 87 90 1 3 74 34 81 55 49 29 23 
TEST 44 ARG:74 58 68 9 88 28 49 1 3 89 18 87 4 19 8 50 47 59 69 95 60 39 92 15 70 29 0 23 35 99 25 7 55 57 16 37 98 93 48 10 42 97 91 66 38 78 17 64 71 33 31 22 94 53 44 65 24 41 11 67 14 73 79 54 56 51 43 40 2 90 84 12 20 45 13 61 26 85 63 75 30 46 80 5 32 86 6 77 76 34 82 62 72 96 36 21 81 27 83 52 
TEST 45 ARG:1 11 17 45 94 43 59 53 95 44 93 56 89 22 55 9 92 46 47 71 60 88 40 81 3 68 77 6 13 23 96 91 61 87 98 64 8 70 50 78 19 14 80 85 33 0 49 74 83 28 24 41 35 79 27 97 15 86 57 42 39 2 20 21 12 62 48 30 10 37 75 5 18 16 7 63 67 51 26 32 54 82 4 69 84 25 99 73 65 76 31 29 38 90 58 34 36 72 66 52 
TEST 46 ARG:57 3 38 90 27 92 50 36 16 43 41 81 96 13 24 52 58 48 91 63 69 21 8 74 94 72 75 89 32 12 79 83 56 51 0 15 1 68 53 86 73 44 85 33 9 20 17 95 45 2 26 25 30 11 62 55 99 29 98 10 60 64 31 76 54 46 66 35 47 39 28 18 71 42 6 88 82 61 67 97 87 49 65 70 77 84 40 22 59 5 93 4 80 23 19 78 34 37 14 7 
TEST 47 ARG:34 68 86 61 2 94 7 45 75 65 85 56 43 84 54 88 98 96 29 24 13 25 38 58 3 33 89 1 31 37 39 46 23 57 70 6 51 64 91 14 17 69 99 62 47 52 97 28 42 8 40 92 18 82 15 26 11 50 41 32 87 48 55 76 78 72 19 44 59 30 81 21 95 93 5 36 90 71 79 0 27 74 4 63 12 77 49 16 73 83 60 20 22 66 35 53 10 9 80 67 
TEST 48 ARG:83 3 65 38 11 75 55 79 94 86 42 7 40 46 84 36 13 57 25 8 53 30 44 32 23 69 77 82 37 71 58 60 59 26 35 14 68 51 61 80 67 19 43 97 6 95 10 16 48 21 91 92 20 85 18 2 33 56 50 70 47 29 22 72 76 52 15 93 62 78 41 5 81 64 0 89 45 17 27 39 49 90 4 74 63 88 31 96 98 99 1 87 12 73 28 9 66 24 34 54 
TEST 49 ARG:90 0 92 40 60 33 15 72 13 23 64 84 46 65 66 67 97 28 6 44 56 19 79 95 50 18 74 32 29 21 52 91 68 7 17 57 31 53 12 80 54 59 35 39 75 43 26 10 86 24 45 14 77 70 94 30 42 78 81 87 9 47 98 63 96 25 38 37 27 62 36 83 55 88 58 73 41 69 2 51 34 48 11 5 93 99 82 3 85 61 1 76 71 49 16 20 22 89 8 4 
TEST 50 ARG:35 54 24 11 92 33 55 90 45 30 60 32 96 46 50 34 67 75 99 66 48 52 74 40 39 26 73 70 17 72 64 80 49 58 25 69 94 21 4 63 88 38 77 86 56 43 14 12 47 82 97 51 59 85 95 84 65 13 18 78 23 53 20 41 8 61 44 62 42 15 57 93 37 36 91 27 10 68 6 28 9 29 5 83 19 3 81 2 79 1 22 76 31 7 0 98 16 89 71 87 
TEST 51 ARG:39 29 51 28 18 63 94 36 14 5 83 57 72 22 11 41 67 19 80 7 54 77 78 0 48 85 13 32 27 31 84 6 52 96 9 82 35 16 68 21 8 44 99 91 76 45 88 93 10 40 25 70 62 65 47 87 17 50 33 1 20 69 92 43 46 64 42 90 61 95 55 73 26 15 74 2 24 56 38 75 58 37 12 66 79 34 86 81 30 71 97 53 4 23 59 3 98 89 60 49 
TEST 52 ARG:52 39 92 89 62 41 82 67 90 1 69 10 70 38 58 9 22 14 73 5 55 12 32 17 94 56 13 88 63 50 28 46 72 93 91 60 30 74 35 27 33 37 57 47 61 11 80 83 87 3 2 84 59 48 26 4 0 45 6 85 29 51 64 23 16 42 99 40 8 81 53 18 43 75 49 77 20 65 66 7 34 21 95 86 97 98 54 44 68 25 31 96 78 24 71 76 19 36 79 15 
TEST 53 ARG:79 17 81 89 5 53 92 75 16 13 62 99 24 90 95 6 66 49 88 87 72 11 33 25 40 27 31 61 2 37 39 82 83 28 20 9 91 67 46 59 26 44 64 14 71 43 32 73 19 47 51 23 50 86 96 41 69 1 30 85 35 55 7 42 21 56 4 65 94 3 98 12 63 22 54 60 18 45 80 84 52 74 76 38 29 10 93 0 8 68 36 70 57 78 15 77 34 48 97 58 
